%YAML:1.0
---
camera_matrix: !!opencv-matrix
   rows: 3
   cols: 3
   dt: d
   data: [ 519.61885652210299, 0., 291.14158474769573, 0.,
       529.94441312894219, 306.83821730614983, 0., 0., 1. ]
dist_coeff: !!opencv-matrix
   rows: 1
   cols: 5
   dt: d
   data: [ 0.14243920460154, -0.37649717668268701, 0.024957032424645292,
       0.026872245801899515, -1.0148426586855273 ]
